# H2, cc-pV5Z
# r        c_z          c_x      arctan(c_x/c_z)    c_0
0.600  -0.975331596  0.172588132  -0.175140281  -0.140879461
0.650  -0.893017040  0.171773983  -0.190031414  -0.234423207
0.700  -0.818749229  0.171060688  -0.205966479  -0.313783336
0.750  -0.751762455  0.170457573  -0.222973718  -0.381398162
0.800  -0.691218028  0.169960572  -0.241102571  -0.439308382
0.850  -0.636488864  0.169579229  -0.260380692  -0.489018448
1.150  -0.399295092  0.169766330  -0.402010464  -0.672952709
1.200  -0.371037374  0.170213481  -0.430106748  -0.690922272
1.205  -0.368346193  0.170264664  -0.432986678  -0.692581573
1.210  -0.365678445  0.170317019  -0.435879289  -0.694217219
1.215  -0.363033880  0.170370543  -0.438784548  -0.695829537
1.220  -0.360412251  0.170425235  -0.441702424  -0.697418846
1.300  -0.321395392  0.171457744  -0.490070853  -0.719962104
1.450  -0.260906520  0.174167246  -0.588611503  -0.750292491
1.600  -0.213224929  0.177807023  -0.695069164  -0.769382665
1.900  -0.144203901  0.187268886  -0.914594616  -0.786868492
2.500  -0.066271102  0.209148615  -1.263943123  -0.784992480
2.950  -0.036185839  0.223454420  -1.410251676  -0.774745750
6.000  -0.000371898  0.268404889  -1.569410742  -0.731584011
